Min: 2.0
Max: 99.0
Mean: 49.039603960396036
Standard Deviation: 28.565335913333563